# oST version 5.0 parameters


[image]

width
1280

height
720

[narrow_stereo]

camera matrix
698.015333 0.000000 641.757223
0.000000 700.547964 357.506101
0.000000 0.000000 1.000000

distortion
-0.300847 0.070926 0.001054 -0.001241 0.000000

rectification
1.000000 0.000000 0.000000
0.000000 1.000000 0.000000
0.000000 0.000000 1.000000

projection
481.678741 0.000000 635.769683 0.000000
0.000000 637.723938 357.324282 0.000000
0.000000 0.000000 1.000000 0.000000

('Wrote calibration data to', '/tmp/calibrationdata.tar.gz')
D = [-0.300846600924954, 0.07092572824513022, 0.0010540085326890293, -0.0012411886078853931, 0.0]
K = [698.0153330906488, 0.0, 641.7572228583446, 0.0, 700.5479637189941, 357.506101275989, 0.0, 0.0, 1.0]
R = [1.0, 0.0, 0.0, 0.0, 1.0, 0.0, 0.0, 0.0, 1.0]
P = [481.6787414550781, 0.0, 635.7696829978267, 0.0, 0.0, 637.7239379882812, 357.32428196147157, 0.0, 0.0, 0.0, 1.0, 0.0]
# oST version 5.0 parameters


[image]

width
1280

height
720

[narrow_stereo]

camera matrix
698.015333 0.000000 641.757223
0.000000 700.547964 357.506101
0.000000 0.000000 1.000000

distortion
-0.300847 0.070926 0.001054 -0.001241 0.000000

rectification
1.000000 0.000000 0.000000
0.000000 1.000000 0.000000
0.000000 0.000000 1.000000

projection
481.678741 0.000000 635.769683 0.000000
0.000000 637.723938 357.324282 0.000000
0.000000 0.000000 1.000000 0.000000
