image_width: 1280
image_height: 720
camera_name: narrow_stereo
camera_matrix:
  rows: 3
  cols: 3
  data: [ 794.26164,    0.     ,  630.76757,
            0.     ,  784.73175,  305.29344,
            0.     ,    0.     ,    1.     ]
camera_model: plumb_bob
distortion_coefficients:
  rows: 1
  cols: 5
  data: [-0.335653, 0.078623, 0.015791, 0.000293, 0.000000]
rectification_matrix:
  rows: 3
  cols: 3
  data: [ 1.,  0.,  0.,
          0.,  1.,  0.,
          0.,  0.,  1.]
projection_matrix:
  rows: 3
  cols: 4
  data: [ 553.28339,    0.     ,  623.97842,    0.     ,
            0.     ,  725.61334,  305.90495,    0.     ,
            0.     ,    0.     ,    1.     ,    0.     ]
